[18282 18151 18239 18297 18153]: 18239
[18249 18054 18035 18062 18305]: 18062
[18106 17884 18407 18342 18087]: 18106
[18256 18448 18352 18402 18348]: 18352
[18316 18237 17863 17100 18393]: 18237
[18288 18475 18189 18131 18556]: 18288
[18198 18282 18426 18449 18251]: 18282
[18542 18480 18278 18440 18289]: 18440
[18394 18337 18619 18354 18190]: 18354
[18455 18176 18237 16574 18437]: 18237
[18473 18325 18277 18344 18324]: 18325
[18282 18131 18426 18194 18335]: 18282
[18049 18304 19485 19492 19457]: 19457
[19454 19408 19333 19378 19489]: 19408
[19334 19403 19412 19191 18631]: 19334
[19514 19458 19363 19202 19393]: 19393
[19399 19536 19439 19433 19348]: 19433
[19449 19205 19312 19149 19365]: 19312
[19248 19397 18363 19282 18700]: 19248
[19163 19396 19270 19363 18471]: 19270
[19208 19408 19418 19410 19317]: 19408
[19463 19440 19302 19464 19456]: 19456
[19115 19308 19425 19463 19384]: 19384
[19374 19496 19419 19474 19482]: 19474
[19198 19150 19426 19141 19101]: 19150
[14274 14223 14150 14056 14321]: 14223
[12010 12008 12014 11981 12029]: 12010
[12056 11943 12035 12011 12048]: 12035
[15753 15889 15774 15808 15853]: 15808
[14269 14069 14259 14283 14282]: 14269
[11971 12028 12028 12010 11973]: 12010
[14249 14228 14271 14261 14022]: 14249
[14227 14245 14341 14270 14256]: 14256
[14260 14257 14268 14244 14348]: 14260
[11956 12047 11910 12039 12010]: 12010
[9561 9527 9496 9596 10012]: 9561
[15702 15877 15829 15930 15826]: 15829
[14267 14311 14256 14277 14232]: 14267
[12024 12009 12009 11803 12070]: 12009
[9881 9719 9876 9698 9957]: 9876
[15652 15522 15982 15936 15907]: 15907
[14278 14273 14250 14204 14253]: 14253
[12047 11977 12031 11978 11958]: 11978
[9855 9780 10064 9784 10012]: 9855
[9995 9611 9946 9509 9680]: 9680
[15749 15296 15704 15875 15863]: 15749
[12002 12028 12006 11993 11984]: 12002
[15876 15834 15774 15886 15922]: 15876
[15865 15864 15827 15828 15637]: 15828
[14226 14205 14268 14289 14252]: 14252
[9563 9684 9453 9740 9634]: 9634
[14152 14221 14245 14249 14216]: 14221
[9759 10004 9641 9697 9736]: 9736
[14458 14233 14165 14278 14275]: 14275
[12047 12039 12011 12020 11993]: 12020
[9939 9701 9634 9481 9741]: 9701
[9943 9696 9950 9715 9892]: 9892
[14290 14249 14212 14245 14230]: 14245
[9997 9731 9947 9709 9899]: 9899
[15839 15809 15853 15908 15843]: 15843
[12138 12025 12024 11557 11989]: 12024
[14287 14229 14376 14201 14288]: 14287
[11977 11996 12040 11979 12042]: 11996
[9796 9829 9892 9954 9810]: 9829
[15794 15917 15776 15868 15816]: 15816
[14233 14195 14171 14031 14295]: 14195
[12094 12028 11994 12021 12021]: 12021
[14266 14212 14260 14312 14255]: 14260
[15887 15835 15875 15767 15724]: 15835
[15863 15876 15779 15853 15838]: 15853
[11931 12053 11991 12004 11557]: 11991
[15848 15786 15856 15820 15451]: 15820
[14097 14349 14259 14213 14250]: 14250
[15930 15855 15864 15944 15862]: 15864
[12070 11995 12030 11948 12057]: 12030
[15830 15732 15695 15834 15702]: 15732
[15870 15821 15866 15859 15824]: 15859
[14281 14232 14208 14206 14186]: 14208
[15905 15726 15857 15040 15698]: 15726
[12011 11941 11971 12063 11992]: 11992
[14310 14256 14272 14393 14286]: 14286
[15712 15862 15751 15900 15585]: 15751
[11961 12044 11920 12055 11987]: 11987
[15910 15815 15753 15812 15834]: 15815
[15728 15809 15850 15678 15817]: 15809
[14218 14242 14107 14228 14248]: 14228
[11652 12059 12007 11925 12023]: 12007
[9887 9673 9890 9730 9927]: 9887
[15829 15835 15867 15680 15711]: 15829
[14228 14038 14243 14291 14175]: 14228
[12063 11997 12042 11977 11961]: 11997
[9618 9474 9763 9892 9690]: 9690
[9650 9681 9821 9730 9952]: 9730
[14301 14191 14207 14251 14280]: 14251
[9800 9736 9796 9907 9770]: 9796
[14251 14351 14224 14305 14228]: 14251
[12041 11624 11987 11972 12036]: 11987
[14228 14187 14266 14248 14234]: 14234
[12051 11961 11489 11974 11973]: 11973
[14248 14275 14275 14285 14275]: 14275
[14284 14361 14306 14247 14278]: 14284
[15854 15779 15450 15860 15655]: 15779
[11962 12011 11993 11940 12051]: 11993
[15827 15725 15833 15887 15876]: 15833
[15854 15894 15872 15831 15904]: 15872
[14201 14122 14284 14337 14231]: 14231
[12075 12015 11671 12001 12039]: 12015
[15861 15887 15921 15887 15770]: 15887
[9935 9609 9947 9715 9829]: 9829
[14278 14186 14266 14249 14161]: 14249
[9849 9897 9738 9864 9861]: 9861
[15892 15838 15787 14990 15721]: 15787
[9726 9951 9710 9957 9750]: 9750
[15916 15903 15956 15920 15770]: 15916
[9680 10034 9608 9975 9735]: 9735
[14305 14097 14292 14222 13999]: 14222
[9765 10011 9665 9756 9615]: 9756
[15763 15748 15708 15794 15475]: 15748
[9708 10016 9685 9828 9900]: 9828
[14292 14253 14170 14261 14107]: 14253
[10066 9749 9919 9779 9930]: 9919
[15852 15811 15872 15853 15165]: 15852
[9924 9756 9834 9642 9871]: 9834
[15741 15816 15883 15942 15713]: 15816
[9927 9604 9849 9855 9987]: 9855
[19346 19113 19443 19363 19295]: 19346
[19398 19356 19463 19411 19012]: 19398
[19427 19279 19387 19419 19403]: 19403
[19062 19403 19380 19182 19387]: 19380
[19495 19394 19327 19404 19417]: 19404
[19360 19433 19362 19342 19343]: 19360
[19471 19399 19344 19188 19294]: 19344
[19257 19399 19302 19350 19236]: 19302
[19442 19406 19418 19443 19440]: 19440
[19256 19230 19400 19384 19301]: 19301
[19465 19309 19441 19354 19405]: 19405
[19327 19437 19293 19210 19457]: 19327
[18818 19338 19474 19501 19385]: 19385
[19335 19344 18456 19293 19458]: 19335
[19391 19289 19478 19533 19435]: 19435
[19407 19424 19533 19354 19418]: 19418
[19459 19428 19397 19018 19362]: 19397
[18506 19191 19404 19289 19462]: 19289
[19340 19401 19455 19408 19413]: 19408
[19355 19343 19362 19429 19290]: 19355
[19320 19163 19455 19355 19434]: 19355
[19391 19377 19526 19439 19472]: 19439
[19031 18647 19504 19510 19397]: 19397
[19359 19429 19445 19128 19439]: 19429
[19312 19335 19396 19393 19403]: 19393
[19401 19520 19234 19270 19365]: 19365
[19168 19313 19215 19364 19428]: 19313
[19460 18428 19349 19277 19364]: 19349
[19303 19365 19446 19437 19528]: 19437
[19444 19318 19338 19279 19495]: 19338
[19429 18974 19462 19318 19403]: 19403
[19340 19319 19482 19376 19507]: 19376
[19413 19036 18776 19365 19363]: 19363
[19453 19277 19439 18926 19416]: 19416
[19386 19356 19344 19415 19448]: 19386
[19419 19506 19477 19392 19456]: 19456
[19408 19401 19297 19336 19246]: 19336
[19462 19485 18721 19111 19450]: 19450
[19461 19431 19361 19356 19291]: 19361
[19354 19409 19232 19398 19335]: 19354
[19326 19203 19258 19354 19359]: 19326
[19442 19462 19479 19410 19457]: 19457
[19497 19494 18862 18490 19413]: 19413
[19401 19196 19307 19299 19444]: 19307
[19443 19120 19432 19343 19283]: 19343
[19513 19384 19367 19289 19338]: 19367
[19452 19331 18732 19122 19348]: 19331
[19456 19392 19282 18665 19016]: 19282
[19443 19354 19467 19474 19513]: 19467
[19382 19458 19431 19369 19421]: 19421
[19183 19441 19442 19382 19346]: 19382
[19431 19355 19371 19350 19328]: 19355
[19367 19185 19452 19254 18434]: 19254
[19200 18601 19161 19475 19385]: 19200
[19309 19301 19450 19368 19450]: 19368
[19491 19591 19448 19351 19427]: 19448
[19459 19235 19297 18954 19208]: 19235
[19465 19259 19354 19354 18807]: 19354
[19394 19481 19587 19245 19367]: 19394
[19330 19375 19373 19235 19297]: 19330
[19177 19268 19458 19432 19473]: 19432
[19421 19184 19362 19286 19489]: 19362
[19269 19364 19414 19329 19345]: 19345
[19354 19359 19224 19333 19409]: 19354
[19487 19356 19477 19295 19430]: 19430
[19389 19447 19410 19193 19349]: 19389
[19507 19303 19385 19434 19239]: 19385
[19442 19328 19482 19389 19448]: 19442
[18964 19452 19362 19367 19413]: 19367
[19497 19438 19344 19201 19409]: 19409
[19070 19346 19403 19446 19444]: 19403
[19077 19472 19416 19382 19419]: 19416
[19234 19395 19343 19491 19379]: 19379
[18433 19014 19180 19444 19291]: 19180
[19506 19450 19468 19475 19496]: 19475
